1000
974435
848767
360962
527631
660170
974435
360962
42627
974435
620127
479037
974435
739468
660170
974435
360962
660170
848767
360962
620127
522922
487949
143654
479037
143654
527631
132314
620127
487949
487949
360962
974435
485268
974435
487949
487949
42627
660170
848767
660170
848767
522922
848767
143654
487949
620127
143654
213861
974435
479037
143654
213861
522922
139397
42627
42627
143654
620127
485268
848767
143654
487949
974435
974435
620127
620127
132314
139397
143654
213861
974435
527631
360962
739468
213861
700537
487949
213861
485268
620127
360962
620127
527631
143654
620127
739468
132314
620127
749323
487949
360962
527631
213861
527631
143654
487949
620127
143654
974435
485268
487949
479037
974435
749323
143654
660170
848767
620127
974435
139397
660170
143654
143654
620127
132314
139397
848767
479037
360962
848767
620127
527631
527631
360962
213861
620127
749323
739468
749323
660170
143654
143654
739468
386547
360962
527631
213861
143654
522922
700537
360962
974435
479037
143654
620127
139397
143654
848767
360962
527631
213861
386547
848767
660170
42627
485268
213861
213861
700537
42627
739468
620127
620127
479037
739468
479037
660170
974435
479037
974435
143654
620127
143654
360962
360962
143654
414716
660170
660170
739468
974435
527631
479037
479037
487949
143654
749323
974435
660170
360962
620127
213861
660170
620127
660170
739468
749323
487949
479037
213861
42627
414716
479037
487949
974435
360962
848767
414716
143654
660170
479037
42627
360962
739468
139397
620127
360962
660170
739468
848767
143654
848767
620127
487949
974435
213861
974435
620127
42627
42627
479037
739468
487949
485268
143654
139397
143654
143654
360962
143654
360962
660170
487949
143654
974435
700537
522922
620127
620127
42627
522922
739468
414716
42627
848767
487949
974435
213861
132314
479037
213861
213861
739468
485268
974435
485268
749323
479037
139397
143654
143654
143654
360962
360962
660170
479037
522922
974435
660170
739468
620127
620127
749323
848767
974435
700537
143654
143654
213861
143654
848767
360962
139397
660170
749323
974435
620127
360962
660170
360962
386547
739468
700537
749323
139397
527631
487949
527631
974435
749323
360962
213861
487949
139397
974435
700537
974435
487949
487949
42627
414716
487949
660170
848767
522922
132314
974435
660170
620127
700537
487949
139397
213861
974435
213861
42627
139397
479037
139397
848767
360962
848767
132314
848767
360962
974435
974435
620127
620127
42627
522922
485268
848767
749323
485268
360962
620127
485268
213861
414716
974435
485268
487949
848767
42627
213861
479037
620127
213861
139397
479037
487949
660170
485268
620127
360962
213861
360962
660170
620127
479037
974435
620127
620127
360962
139397
620127
42627
143654
143654
360962
360962
487949
360962
360962
749323
749323
132314
620127
848767
974435
739468
848767
360962
213861
360962
620127
522922
527631
620127
620127
974435
42627
848767
143654
487949
360962
360962
479037
660170
479037
213861
213861
974435
487949
660170
660170
132314
848767
739468
487949
660170
739468
974435
522922
143654
487949
739468
620127
749323
749323
360962
660170
739468
42627
213861
42627
522922
139397
848767
360962
660170
620127
143654
360962
143654
485268
522922
213861
848767
739468
487949
974435
522922
620127
974435
700537
739468
143654
739468
479037
213861
485268
132314
143654
143654
660170
360962
660170
360962
487949
487949
620127
139397
620127
213861
139397
213861
620127
527631
660170
132314
848767
143654
974435
522922
848767
620127
143654
848767
360962
700537
620127
974435
700537
143654
42627
620127
848767
660170
386547
143654
414716
974435
620127
143654
739468
479037
700537
360962
139397
213861
360962
739468
527631
739468
620127
620127
213861
213861
974435
479037
143654
522922
360962
360962
487949
522922
360962
620127
660170
620127
479037
414716
213861
848767
522922
360962
139397
974435
143654
487949
213861
620127
974435
739468
487949
360962
360962
700537
660170
974435
42627
660170
620127
527631
479037
620127
139397
143654
660170
700537
143654
660170
479037
487949
620127
143654
139397
213861
749323
213861
485268
42627
386547
360962
487949
143654
42627
143654
143654
620127
360962
485268
974435
487949
139397
974435
360962
143654
213861
660170
848767
527631
974435
414716
42627
42627
485268
479037
42627
487949
360962
848767
739468
360962
213861
620127
660170
487949
139397
527631
848767
974435
749323
143654
739468
42627
974435
479037
213861
620127
739468
527631
660170
974435
700537
527631
527631
143654
660170
143654
42627
360962
143654
487949
360962
42627
522922
620127
700537
739468
213861
848767
360962
487949
739468
386547
527631
479037
487949
522922
974435
660170
620127
848767
132314
848767
386547
527631
739468
848767
42627
848767
414716
660170
360962
485268
485268
487949
700537
487949
620127
479037
479037
479037
660170
749323
487949
620127
620127
620127
487949
42627
620127
386547
739468
487949
974435
213861
620127
143654
848767
143654
213861
620127
360962
739468
360962
42627
527631
479037
660170
143654
660170
848767
42627
620127
360962
143654
42627
487949
522922
487949
739468
360962
487949
479037
139397
620127
143654
848767
479037
620127
620127
487949
620127
213861
139397
527631
360962
479037
974435
848767
974435
213861
522922
974435
700537
848767
360962
360962
213861
213861
479037
487949
42627
848767
660170
749323
213861
620127
660170
487949
848767
660170
414716
487949
479037
213861
660170
213861
143654
360962
479037
213861
660170
974435
487949
143654
42627
848767
360962
132314
143654
700537
487949
749323
42627
414716
143654
213861
360962
479037
527631
487949
487949
848767
974435
660170
660170
974435
974435
360962
700537
42627
213861
487949
487949
974435
620127
620127
848767
660170
620127
42627
143654
479037
527631
360962
739468
487949
132314
620127
139397
848767
527631
360962
487949
479037
487949
749323
42627
660170
213861
132314
479037
848767
974435
143654
974435
487949
360962
660170
848767
479037
848767
213861
42627
974435
848767
213861
974435
143654
527631
848767
620127
42627
848767
620127
487949
213861
213861
522922
360962
487949
213861
143654
42627
620127
527631
527631
620127
487949
974435
360962
213861
487949
479037
213861
213861
360962
360962
660170
132314
213861
848767
360962
974435
974435
527631
620127
479037
620127
360962
739468
487949
479037
660170
527631
872934
527631
620127
360962
479037
360962
974435
527631
487949
139397
42627
739468
848767
848767
213861
700537
848767
522922
360962
974435
143654
485268
139397
660170
360962
522922
527631
42627
974435
620127
479037
479037
749323
485268
527631
360962
739468
139397
848767
139397
487949
213861
479037
620127
527631
848767
360962
487949
749323
700537
974435
213861
42627
527631
132314
527631
487949
487949
660170
139397
143654
139397
974435
974435
139397
42627
620127
360962
660170
660170
139397
848767
749323
620127
42627
360962
414716
360962
527631
660170
213861
386547
527631
360962
620127
487949
527631
414716
139397
848767
974435
143654
848767
360962
660170
42627
139397
739468
360962
360962